,accuracy,cleanliness,checkin,communication,location,value
accuracy,1.0,0.628,0.526,0.593,0.365,0.678
cleanliness,0.628,1.0,0.492,0.487,0.352,0.61
checkin,0.526,0.492,1.0,0.646,0.313,0.486
communication,0.593,0.487,0.646,1.0,0.327,0.545
location,0.365,0.352,0.313,0.327,1.0,0.441
value,0.678,0.61,0.486,0.545,0.441,1.0
